184171
184185
184627
184631
184752
184741
184755
184771
184761
185181
185302
185318
185299
185442
185466
186369
186386
186363
186379
186387
186370
186380
186388
186364
186478
186461
186483
186469
186462
186479
186470
186484
186582
186563
186577
186571
186572
186578
186697
186712
186724
186716
186725
186698
186713
186717
186808
186797
186791
186803
186809
186798
186792
186804
186810
186799
186871
186885
186863
186887
186893
186888
186864
186997
187006
186991
187008
186998
187009
186992
187014
186999
187010
187105
187109
187091
187096
187110
187097
187106
187111
187092
187098
187114
187195
187189
187202
187208
187209
187196
187190
187203
187210
187197
187303
187289
187296
187309
187290
187304
187310
187297
187291
187311
187396
187410
187414
187402
187415
187397
187411
187416
187403
187412
187404
187503
187498
187492
187512
187504
187499
187513
187514
187604
187591
187598
187609
187599
187605
187610
187606
187592
187614
187615
187611
187705
187712
187692
187698
187706
187699
187713
187714
187812
187792
187815
187822
187823
187813
187816
187828
187824
187835
187829
187929
187912
187917
187924
187918
187913
187925
187930
187935
187919
187926
188021
188029
188017
188010
188018
188011
188030
188012
188022
188019
188116
188129
188122
188113
188135
188117
188123
188130
188232
188226
188244
188238
188245
188239
188227
188233
188246
188249
188234
188327
188338
188342
188349
188356
188343
188339
188350
188340
188357
188429
188418
188435
188422
188430
188419
188436
188423
188420
188437
188431
188514
188512
188499
188521
188515
188522
188528
188513
188635
188629
188623
188617
188636
188618
188624
188630
188619
188699
188722
188715
188712
188713
188728
188723
188716
188735
188724
188729
188813
188804
188815
188823
188824
188828
188816
188825
188805
188829
188817
188928
188915
188922
188899
188929
188916
188935
188923
188936
189016
189022
189012
189004
189017
189023
189013
189005
189092
189121
189113
189114
189128
189115
189122
189135
189129
189116
189123
189198
189191
189212
189214
189215
189213
189192
189221
189199
189228
189216
189312
189299
189315
189321
189322
189328
189434
189440
189426
189420
189442
189427
189443
189441
189449
189444
189538
189533
189519
189526
189539
189527
189534
189540
189520
189618
189636
189625
189630
189619
189631
189637
189620
189626
189730
189724
189717
189736
189731
189737
189725
189718
189738
189732
189821
189806
189816
189812
189828
189817
189822
189813
189818
189916
189912
189924
189929
189913
189925
189917
189930
189918
189935
190006
190012
190014
189999
190015
190013
190021
190016
190035
190028
190089
190097
190109
190104
190105
190098
190110
190090
190106
190099
190210
190197
190192
190206
190211
190214
190221
190198
190222
190215
190304
190309
190291
190298
190299
190310
190305
190292
190390
190409
190398
190403
190399
190391
190404
190410
190508
190489
190503
190497
190490
190509
190638
190618
190630
190625
190639
190619
190626
190631
190620
190640
190627
190723
190730
190717
190735
190724
190736
190725
190731
190718
190804
190821
190815
190828
190829
190816
190805
190822
190817
190806
190918
190922
190913
190899
190919
190928
190923
190929
190920
190935
191015
191013
191022
191029
191023
191035
191016
191030
191110
191119
191125
191128
191111
191129
191126
191120
191224
191219
191236
191230
191225
191220
191231
191237
191242
191226
191330
191342
191337
191322
191343
191323
191338
191344
191331
191423
191420
191431
191439
191424
191440
191442
191432
191425
191529
191535
191516
191523
191517
191530
191536
191524
191518
191623
191629
191637
191618
191624
191619
191638
191630
191739
191732
191720
191726
191742
191733
191727
191846
191853
191857
191847
191854
191855
191927
191943
191941
191934
191949
191944
191956
191945
192044
192041
192049
192056
192057
192050
192045
192051
192118
192137
192131
192123
192138
192124
192119
192125
192132
192139
192213
192232
192220
192224
192233
192235
192242
192243
192225
192236
192234
192299
192321
192317
192306
192318
192328
192322
192335
192323
192319
192410
192398
192392
192405
192414
192411
192415
192399
192406
192499
192511
192505
192516
192512
192521
192506
192517
192528
192513
192605
192621
192616
192599
192622
192628
192617
192606
192623
192618
192629
192691
192705
192708
192698
192709
192699
192706
192692
192710
192815
192805
192811
192798
192799
192816
192806
192812
192821
192813
192817
192828
192909
192905
192897
192891
192906
193027
193041
193034
193045
193049
193046
193056
193050
193047
193057
193138
193134
193126
193145
193146
193127
193149
193139
193147
193156
193231
193240
193225
193220
193226
193242
193232
193243
193241
193227
193324
193328
193312
193317
193329
193313
193318
193325
193421
193428
193406
193416
193435
193429
193417
193422
193525
193513
193529
193516
193517
193535
193526
193530
193518
193527
193617
193629
193598
193623
193618
193599
193624
193635
193630
193619
193711
193715
193706
193722
193712
193728
193723
193716
193729
193717
193713
193724
193814
193808
193799
193805
193815
193821
193809
193806
193816
193810
193898
193903
193910
193914
193899
193911
193904
193915
193921
193999
194021
194011
194014
194022
194012
194023
194015
194028
194013
194029
194104
194115
194096
194110
194243
194233
194249
194225
194226
194244
194250
194234
194227
194251
194245
194339
194334
194342
194327
194343
194340
194356
194349
194431
194437
194419
194425
194426
194432
194420
194438
194427
194519
194523
194536
194530
194524
194537
194531
194520
194628
194622
194635
194615
194616
194636
194629
194623
194706
194712
194716
194722
194717
194723
194728
194713
194718
194812
194821
194815
194799
194828
194816
194813
194829
194835
194822
194817
194836
194830
194898
194904
194910
194914
194899
194905
194915
194921
194911
194916
196371
196378
196364
196358
196913
196905
197884
197886
197901
197893
198453
198816
198825
198828
199221
199228
199234
199218
